  -1.3000000e+00
  -1.2896000e+00
  -1.2792000e+00
  -1.2688000e+00
  -1.2584000e+00
  -1.2480000e+00
  -1.2376000e+00
  -1.2272000e+00
  -1.2168000e+00
  -1.2064000e+00
  -1.1960000e+00
  -1.1856000e+00
  -1.1752000e+00
  -1.1648000e+00
  -1.1544000e+00
  -1.1440000e+00
  -1.1336000e+00
  -1.1232000e+00
  -1.1128000e+00
  -1.1024000e+00
  -1.0920000e+00
  -1.0816000e+00
  -1.0712000e+00
  -1.0608000e+00
  -1.0504000e+00
  -1.0400000e+00
  -1.0296000e+00
  -1.0192000e+00
  -1.0088000e+00
  -9.9840000e-01
  -9.8800000e-01
  -9.7760000e-01
  -9.6720000e-01
  -9.5680000e-01
  -9.4640000e-01
  -9.3600000e-01
  -9.2560000e-01
  -9.1520000e-01
  -9.0480000e-01
  -8.9440000e-01
  -8.8400000e-01
  -8.7360000e-01
  -8.6320000e-01
  -8.5280000e-01
  -8.4240000e-01
  -8.3200000e-01
  -8.2160000e-01
  -8.1120000e-01
  -8.0080000e-01
  -7.9040000e-01
  -7.8000000e-01
  -7.6960000e-01
  -7.5920000e-01
  -7.4880000e-01
  -7.3840000e-01
  -7.2800000e-01
  -7.1760000e-01
  -7.0720000e-01
  -6.9680000e-01
  -6.8640000e-01
  -6.7600000e-01
  -6.6560000e-01
  -6.5520000e-01
  -6.4480000e-01
  -6.3440000e-01
  -6.2400000e-01
  -6.1360000e-01
  -6.0320000e-01
  -5.9280000e-01
  -5.8240000e-01
  -5.7200000e-01
  -5.6160000e-01
  -5.5120000e-01
  -5.4080000e-01
  -5.3040000e-01
  -5.2000000e-01
  -5.0960000e-01
  -4.9920000e-01
  -4.8880000e-01
  -4.7840000e-01
  -4.6800000e-01
  -4.5760000e-01
  -4.4720000e-01
  -4.3680000e-01
  -4.2640000e-01
  -4.1600000e-01
  -4.0560000e-01
  -3.9520000e-01
  -3.8480000e-01
  -3.7440000e-01
  -3.6400000e-01
  -3.5360000e-01
  -3.4320000e-01
  -3.3280000e-01
  -3.2240000e-01
  -3.1200000e-01
  -3.0160000e-01
  -2.9120000e-01
  -2.8080000e-01
  -2.7040000e-01
  -2.6000000e-01
  -2.4960000e-01
  -2.3920000e-01
  -2.2880000e-01
  -2.1840000e-01
  -2.0800000e-01
  -1.9760000e-01
  -1.8720000e-01
  -1.7680000e-01
  -1.6640000e-01
  -1.5600000e-01
  -1.4560000e-01
  -1.3520000e-01
  -1.2480000e-01
  -1.1440000e-01
  -1.0400000e-01
  -9.3600000e-02
  -8.3200000e-02
  -7.2800000e-02
  -6.2400000e-02
  -5.2000000e-02
  -4.1600000e-02
  -3.1200000e-02
  -2.0800000e-02
  -1.0400000e-02
   0.0000000e+00
   1.0400000e-02
   2.0800000e-02
   3.1200000e-02
   4.1600000e-02
   5.2000000e-02
   6.2400000e-02
   7.2800000e-02
   8.3200000e-02
   9.3600000e-02
   1.0400000e-01
   1.1440000e-01
   1.2480000e-01
   1.3520000e-01
   1.4560000e-01
   1.5600000e-01
   1.6640000e-01
   1.7680000e-01
   1.8720000e-01
   1.9760000e-01
   2.0800000e-01
   2.1840000e-01
   2.2880000e-01
   2.3920000e-01
   2.4960000e-01
   2.6000000e-01
   2.7040000e-01
   2.8080000e-01
   2.9120000e-01
   3.0160000e-01
   3.1200000e-01
   3.2240000e-01
   3.3280000e-01
   3.4320000e-01
   3.5360000e-01
   3.6400000e-01
   3.7440000e-01
   3.8480000e-01
   3.9520000e-01
   4.0560000e-01
   4.1600000e-01
   4.2640000e-01
   4.3680000e-01
   4.4720000e-01
   4.5760000e-01
   4.6800000e-01
   4.7840000e-01
   4.8880000e-01
   4.9920000e-01
   5.0960000e-01
   5.2000000e-01
   5.3040000e-01
   5.4080000e-01
   5.5120000e-01
   5.6160000e-01
   5.7200000e-01
   5.8240000e-01
   5.9280000e-01
   6.0320000e-01
   6.1360000e-01
   6.2400000e-01
   6.3440000e-01
   6.4480000e-01
   6.5520000e-01
   6.6560000e-01
   6.7600000e-01
   6.8640000e-01
   6.9680000e-01
   7.0720000e-01
   7.1760000e-01
   7.2800000e-01
   7.3840000e-01
   7.4880000e-01
   7.5920000e-01
   7.6960000e-01
   7.8000000e-01
   7.9040000e-01
   8.0080000e-01
   8.1120000e-01
   8.2160000e-01
   8.3200000e-01
   8.4240000e-01
   8.5280000e-01
   8.6320000e-01
   8.7360000e-01
   8.8400000e-01
   8.9440000e-01
   9.0480000e-01
   9.1520000e-01
   9.2560000e-01
   9.3600000e-01
   9.4640000e-01
   9.5680000e-01
   9.6720000e-01
   9.7760000e-01
   9.8800000e-01
   9.9840000e-01
   1.0088000e+00
   1.0192000e+00
   1.0296000e+00
   1.0400000e+00
   1.0504000e+00
   1.0608000e+00
   1.0712000e+00
   1.0816000e+00
   1.0920000e+00
   1.1024000e+00
   1.1128000e+00
   1.1232000e+00
   1.1336000e+00
   1.1440000e+00
   1.1544000e+00
   1.1648000e+00
   1.1752000e+00
   1.1856000e+00
   1.1960000e+00
   1.2064000e+00
   1.2168000e+00
   1.2272000e+00
   1.2376000e+00
   1.2480000e+00
   1.2584000e+00
   1.2688000e+00
   1.2792000e+00
   1.2896000e+00
   1.3000000e+00
